8 8 256 256
10 10 31 31 28 11 18 11 19 5 6 2 5 2 7 5 5 4 4 5 4 4 4 5 4 4 5 4 5 4 4 4 10 13 31 31 28 11 19 20 19 17 7 5 12 17 11 18 23 11 10 12 7 5 10 12 7 10 12 5 10 10 7 11 10 13 28 31 28 11 18 20 24 11 11 12 9 0 4 0 0 9 17 10 12 7 7 5 3 7 5 7 10 10 10 11 10 13 28 31 28 11 18 26 19 11 18 16 4 4 9 3 2 0 13 28 5 10 10 7 4 10 7 5 10 12 10 12 10 13 28 31 28 11 18 27 19 12 16 3 1 4 4 4 4 2 0 26 18 7 5 5 4 7 10 3 5 10 7 10 10 13 30 30 28 20 18 27 19 11 11 17 2 0 7 4 4 2 0 13 24 19 10 4 7 5 7 5 3 10 10 10 10 12 28 26 30 20 20 23 18 10 20 27 17 2 0 2 7 2 0 0 22 25 19 5 10 4 2 7 10 10 11 10 10 10 27 26 30 24 20 23 19 1 27 30 28 17 17 4 2 2 0 0 22 21 23 19 5 4 2 4 7 10 12 12 10 10 27 18 26 27 18 24 16 13 30 31 30 27 24 18 0 0 0 0 12 21 22 25 10 4 2 4 5 7 7 11 10 10 26 18 18 27 18 30 3 27 30 30 30 27 23 11 0 0 0 0 12 11 18 27 16 4 4 4 4 10 7 11 17 17 27 24 17 27 23 30 12 26 31 30 30 24 18 10 0 0 0 0 7 11 11 22 10 11 10 10 5 3 8 13 31 31 28 27 24 27 27 27 18 11 26 30 30 27 18 10 2 0 0 1 7 11 10 19 3 13 11 11 10 10 4 10 31 31 31 27 30 30 29 28 17 12 12 27 16 9 9 10 2 0 0 1 10 10 10 16 0 13 24 23 18 11 10 1 31 31 28 24 30 30 24 27 24 18 20 19 2 0 4 4 0 0 0 5 12 1 1 2 0 1 27 24 24 23 11 13 31 31 31 27 27 30 18 23 27 24 27 16 4 10 4 0 2 0 0 12 7 0 0 0 0 1 26 27 27 23 18 20 31 31 31 26 27 31 20 23 27 27 28 3 4 11 3 0 4 2 1 7 2 0 1 2 0 2 26 27 20 23 16 9 31 31 31 27 30 31 12 23 23 27 16 3 7 18 18 10 3 2 5 5 0 0 13 2 0 0 1 24 16 3 0 0 31 30 30 30 30 31 10 23 27 19 3 2 13 18 11 3 2 0 2 3 0 0 20 17 5 5 17 16 2 0 0 1 27 27 30 31 30 31 21 26 27 19 2 1 11 11 3 2 0 1 1 0 0 0 20 24 24 23 23 3 0 0 0 1 27 27 31 31 27 31 28 26 19 16 9 10 11 10 3 2 0 5 2 0 0 1 26 19 23 23 16 10 6 11 10 1 23 31 31 31 27 30 29 20 24 18 17 4 7 10 4 2 0 0 0 0 0 11 26 16 8 19 10 18 4 3 2 1 26 29 31 31 28 26 30 25 15 24 17 4 7 3 2 2 0 0 0 0 0 20 31 16 0 9 23 27 19 5 4 1 29 29 25 29 28 20 29 19 21 27 27 11 3 2 0 0 0 0 0 2 0 26 28 11 0 6 15 27 28 11 3 7 31 31 30 25 29 19 20 25 20 14 9 3 2 0 1 3 0 0 13 18 7 26 28 11 4 6 15 27 30 10 2 11 31 31 30 25 25 29 16 20 19 15 21 2 0 6 8 0 0 0 13 23 24 31 28 11 4 6 15 30 30 19 7 10 31 29 29 29 25 24 28 10 23 16 20 17 15 3 0 0 1 1 13 30 31 31 19 10 2 6 2 12 26 28 10 10 30 30 29 30 25 25 22 27 20 11 21 21 16 0 1 7 2 15 12 31 31 31 19 11 2 6 8 18 18 27 11 10 30 30 27 29 29 25 14 14 29 19 9 12 14 3 2 2 14 3 1 26 30 30 24 18 3 6 8 18 18 23 19 10 29 30 30 27 30 25 25 25 14 14 14 17 17 17 21 21 2 4 2 9 23 23 27 27 27 6 8 18 18 23 24 10 19 16 29 30 30 29 29 25 25 25 22 14 14 14 4 6 2 4 6 0 9 23 30 30 24 23 12 18 18 20 24 18 18 11 2 9 9 22 22 21 21 21 21 8 8 8 8 4 6 8 4 6 4 13 27 30 24 18 23 20 23 23 27 19 18 10 10 2 0 0 9 14 14 14 14 14 7 7 6 8 4 6 8 14 14 7 20 27 27 23 18 24 18 18 23 11 
52.0 50.0 48.0 48.0 47.0 48.0 49.0 51.0 
50.0 48.0 47.0 46.0 44.0 46.0 46.0 51.0 
48.0 46.0 45.0 44.0 42.0 45.0 45.0 51.0 
46.0 43.0 43.0 43.0 42.0 44.0 45.0 52.0 
45.0 41.0 43.0 43.0 43.0 44.0 46.0 51.0 
44.0 42.0 43.0 43.0 43.0 45.0 48.0 52.0 
45.0 44.0 45.0 43.0 45.0 47.0 49.0 52.0 
46.0 47.0 46.0 44.0 47.0 50.0 50.0 52.0 
57.0 57.0 61.0 58.0 61.0 82.0 101.0 106.0 
56.0 57.0 62.0 57.0 62.0 90.0 108.0 110.0 
56.0 57.0 63.0 59.0 68.0 95.0 108.0 111.0 
57.0 58.0 64.0 64.0 73.0 95.0 105.0 111.0 
60.0 58.0 63.0 69.0 79.0 93.0 103.0 114.0 
62.0 58.0 63.0 71.0 86.0 95.0 103.0 114.0 
62.0 60.0 61.0 73.0 91.0 98.0 100.0 108.0 
63.0 62.0 59.0 75.0 92.0 100.0 96.0 100.0 
81.0 81.0 71.0 67.0 71.0 66.0 57.0 60.0 
81.0 80.0 71.0 65.0 68.0 63.0 55.0 60.0 
82.0 80.0 72.0 66.0 65.0 61.0 56.0 60.0 
82.0 78.0 72.0 66.0 63.0 59.0 56.0 59.0 
81.0 76.0 73.0 66.0 61.0 59.0 57.0 58.0 
77.0 74.0 74.0 67.0 58.0 60.0 60.0 57.0 
75.0 72.0 76.0 64.0 58.0 63.0 61.0 57.0 
73.0 74.0 75.0 64.0 61.0 66.0 63.0 58.0 
112.0 113.0 107.0 99.0 94.0 90.0 82.0 82.0 
113.0 114.0 100.0 89.0 89.0 86.0 79.0 77.0 
111.0 109.0 95.0 80.0 83.0 85.0 76.0 73.0 
104.0 103.0 93.0 79.0 80.0 81.0 74.0 70.0 
96.0 101.0 93.0 78.0 75.0 75.0 71.0 67.0 
95.0 97.0 88.0 77.0 72.0 70.0 69.0 65.0 
94.0 90.0 81.0 77.0 72.0 68.0 67.0 63.0 
93.0 85.0 79.0 78.0 73.0 66.0 66.0 65.0 
76.0 72.0 74.0 76.0 69.0 69.0 80.0 80.0 
73.0 71.0 77.0 72.0 65.0 71.0 79.0 77.0 
69.0 70.0 75.0 67.0 65.0 73.0 74.0 71.0 
68.0 73.0 74.0 65.0 70.0 77.0 70.0 68.0 
72.0 79.0 75.0 67.0 78.0 82.0 72.0 71.0 
80.0 86.0 79.0 75.0 90.0 88.0 76.0 77.0 
87.0 92.0 80.0 83.0 96.0 90.0 79.0 81.0 
91.0 93.0 81.0 86.0 98.0 88.0 80.0 84.0 
69.0 62.0 74.0 99.0 99.0 89.0 73.0 67.0 
66.0 63.0 78.0 98.0 97.0 84.0 68.0 68.0 
67.0 70.0 88.0 98.0 96.0 82.0 69.0 70.0 
70.0 86.0 101.0 99.0 93.0 78.0 72.0 80.0 
74.0 98.0 107.0 98.0 87.0 74.0 78.0 88.0 
78.0 104.0 104.0 93.0 81.0 73.0 86.0 95.0 
85.0 105.0 102.0 90.0 77.0 73.0 91.0 98.0 
94.0 110.0 105.0 89.0 76.0 75.0 94.0 100.0 
66.0 68.0 59.0 62.0 75.0 62.0 59.0 82.0 
69.0 71.0 53.0 60.0 81.0 59.0 54.0 90.0 
79.0 77.0 47.0 65.0 90.0 57.0 56.0 102.0 
92.0 79.0 45.0 74.0 98.0 54.0 61.0 112.0 
105.0 79.0 46.0 87.0 101.0 49.0 68.0 120.0 
114.0 71.0 54.0 101.0 95.0 45.0 82.0 121.0 
114.0 66.0 61.0 107.0 86.0 45.0 84.0 116.0 
108.0 60.0 67.0 107.0 80.0 47.0 87.0 107.0 
90.0 93.0 81.0 74.0 96.0 110.0 101.0 91.0 
94.0 93.0 79.0 77.0 104.0 114.0 99.0 91.0 
95.0 91.0 80.0 82.0 105.0 113.0 97.0 93.0 
93.0 87.0 80.0 86.0 105.0 111.0 95.0 91.0 
89.0 82.0 79.0 90.0 107.0 107.0 91.0 87.0 
87.0 79.0 80.0 96.0 108.0 100.0 83.0 84.0 
87.0 77.0 85.0 104.0 108.0 94.0 77.0 85.0 
86.0 80.0 92.0 108.0 104.0 90.0 78.0 89.0 
101.0 74.0 88.0 99.0 93.0 82.0 75.0 109.0 
99.0 61.0 96.0 107.0 84.0 75.0 85.0 112.0 
93.0 51.0 107.0 116.0 71.0 71.0 96.0 115.0 
82.0 46.0 117.0 119.0 61.0 73.0 109.0 113.0 
72.0 48.0 127.0 117.0 54.0 75.0 114.0 103.0 
60.0 57.0 137.0 106.0 46.0 82.0 113.0 88.0 
56.0 64.0 136.0 97.0 43.0 85.0 107.0 76.0 
54.0 77.0 135.0 85.0 48.0 94.0 105.0 75.0 
131.0 122.0 116.0 156.0 146.0 117.0 129.0 144.0 
117.0 115.0 115.0 153.0 141.0 111.0 139.0 145.0 
105.0 110.0 112.0 136.0 132.0 110.0 140.0 141.0 
99.0 105.0 105.0 111.0 113.0 108.0 128.0 129.0 
89.0 97.0 94.0 91.0 98.0 102.0 113.0 111.0 
76.0 81.0 75.0 75.0 81.0 92.0 95.0 88.0 
67.0 67.0 57.0 62.0 70.0 76.0 78.0 73.0 
65.0 62.0 50.0 57.0 63.0 59.0 66.0 64.0 
99.0 100.0 100.0 98.0 97.0 92.0 94.0 100.0 
102.0 102.0 101.0 98.0 95.0 91.0 95.0 103.0 
104.0 103.0 102.0 98.0 93.0 92.0 96.0 104.0 
104.0 104.0 103.0 96.0 93.0 93.0 97.0 104.0 
104.0 104.0 103.0 94.0 91.0 93.0 98.0 104.0 
104.0 104.0 101.0 93.0 90.0 95.0 100.0 104.0 
106.0 105.0 100.0 95.0 92.0 97.0 104.0 104.0 
109.0 105.0 100.0 96.0 96.0 99.0 106.0 103.0 
110.0 112.0 107.0 106.0 113.0 118.0 108.0 100.0 
111.0 113.0 107.0 109.0 118.0 118.0 106.0 102.0 
113.0 114.0 112.0 115.0 120.0 115.0 105.0 107.0 
115.0 117.0 117.0 121.0 119.0 111.0 106.0 113.0 
115.0 120.0 121.0 123.0 118.0 111.0 109.0 115.0 
113.0 122.0 123.0 122.0 115.0 112.0 111.0 114.0 
114.0 123.0 121.0 119.0 114.0 111.0 112.0 112.0 
115.0 121.0 116.0 115.0 113.0 110.0 113.0 112.0 
112.0 105.0 117.0 113.0 82.0 96.0 131.0 134.0 
112.0 107.0 117.0 102.0 82.0 106.0 137.0 126.0 
114.0 107.0 109.0 96.0 84.0 112.0 135.0 122.0 
114.0 102.0 99.0 93.0 88.0 115.0 131.0 124.0 
111.0 96.0 91.0 94.0 93.0 115.0 128.0 126.0 
110.0 94.0 91.0 97.0 97.0 116.0 124.0 123.0 
110.0 98.0 94.0 98.0 101.0 117.0 120.0 115.0 
108.0 100.0 97.0 98.0 108.0 120.0 116.0 111.0 
74.0 94.0 89.0 98.0 111.0 120.0 154.0 159.0 
71.0 91.0 91.0 102.0 118.0 125.0 155.0 158.0 
71.0 84.0 92.0 105.0 121.0 126.0 152.0 156.0 
72.0 80.0 91.0 106.0 120.0 125.0 148.0 153.0 
74.0 77.0 87.0 104.0 116.0 123.0 145.0 153.0 
76.0 77.0 84.0 100.0 112.0 126.0 143.0 157.0 
78.0 81.0 85.0 94.0 105.0 127.0 141.0 160.0 
80.0 84.0 85.0 89.0 98.0 126.0 143.0 163.0 
95.0 89.0 153.0 147.0 89.0 93.0 152.0 137.0 
74.0 104.0 166.0 125.0 73.0 119.0 163.0 112.0 
65.0 122.0 166.0 102.0 72.0 141.0 160.0 89.0 
68.0 142.0 158.0 81.0 78.0 158.0 144.0 69.0 
79.0 155.0 142.0 62.0 92.0 163.0 121.0 60.0 
102.0 162.0 117.0 57.0 113.0 159.0 96.0 59.0 
120.0 156.0 96.0 64.0 129.0 146.0 77.0 71.0 
134.0 142.0 87.0 84.0 141.0 131.0 73.0 89.0 
67.0 129.0 133.0 76.0 129.0 160.0 114.0 121.0 
64.0 132.0 127.0 74.0 141.0 163.0 116.0 122.0 
68.0 127.0 141.0 76.0 138.0 165.0 122.0 118.0 
64.0 124.0 159.0 72.0 126.0 166.0 126.0 121.0 
61.0 118.0 177.0 73.0 114.0 165.0 136.0 123.0 
59.0 117.0 180.0 82.0 109.0 160.0 134.0 127.0 
66.0 97.0 177.0 93.0 100.0 156.0 129.0 127.0 
76.0 99.0 166.0 95.0 100.0 147.0 125.0 134.0 
143.0 145.0 149.0 152.0 145.0 131.0 123.0 119.0 
142.0 144.0 139.0 138.0 137.0 123.0 112.0 112.0 
145.0 144.0 134.0 126.0 126.0 115.0 102.0 104.0 
152.0 150.0 135.0 124.0 117.0 109.0 95.0 96.0 
155.0 148.0 136.0 121.0 108.0 100.0 92.0 90.0 
150.0 135.0 132.0 115.0 99.0 92.0 89.0 83.0 
138.0 124.0 129.0 112.0 95.0 88.0 84.0 77.0 
129.0 125.0 130.0 108.0 92.0 88.0 80.0 75.0 
90.0 83.0 92.0 83.0 74.0 80.0 83.0 81.0 
97.0 89.0 97.0 87.0 80.0 83.0 85.0 84.0 
109.0 97.0 106.0 97.0 88.0 90.0 89.0 89.0 
122.0 110.0 117.0 112.0 104.0 108.0 103.0 102.0 
137.0 125.0 129.0 130.0 127.0 129.0 123.0 118.0 
151.0 140.0 137.0 145.0 146.0 143.0 138.0 135.0 
158.0 149.0 141.0 154.0 151.0 140.0 141.0 144.0 
155.0 151.0 148.0 159.0 147.0 130.0 141.0 148.0 
133.0 135.0 129.0 126.0 121.0 126.0 131.0 123.0 
136.0 133.0 127.0 127.0 126.0 132.0 134.0 126.0 
140.0 134.0 129.0 131.0 132.0 136.0 134.0 130.0 
143.0 136.0 131.0 131.0 133.0 137.0 133.0 132.0 
142.0 137.0 130.0 129.0 132.0 136.0 131.0 131.0 
140.0 136.0 129.0 126.0 128.0 133.0 129.0 126.0 
140.0 135.0 132.0 126.0 126.0 130.0 127.0 123.0 
141.0 135.0 133.0 128.0 126.0 128.0 127.0 124.0 
161.0 149.0 147.0 137.0 131.0 128.0 122.0 109.0 
159.0 153.0 155.0 140.0 132.0 129.0 117.0 109.0 
157.0 156.0 160.0 143.0 133.0 131.0 114.0 110.0 
158.0 157.0 159.0 144.0 138.0 134.0 114.0 110.0 
159.0 156.0 156.0 149.0 145.0 136.0 118.0 111.0 
158.0 154.0 155.0 155.0 147.0 136.0 121.0 111.0 
154.0 154.0 158.0 157.0 144.0 135.0 122.0 111.0 
153.0 155.0 154.0 152.0 140.0 135.0 125.0 115.0 
129.0 123.0 121.0 140.0 128.0 113.0 145.0 158.0 
127.0 119.0 122.0 141.0 122.0 114.0 152.0 158.0 
126.0 123.0 123.0 137.0 121.0 114.0 153.0 154.0 
126.0 127.0 122.0 133.0 121.0 116.0 151.0 149.0 
129.0 129.0 119.0 131.0 125.0 123.0 148.0 146.0 
135.0 134.0 118.0 133.0 129.0 126.0 145.0 151.0 
134.0 136.0 117.0 135.0 131.0 127.0 149.0 152.0 
130.0 134.0 122.0 136.0 133.0 128.0 150.0 151.0 
119.0 163.0 122.0 78.0 137.0 155.0 115.0 101.0 
148.0 167.0 101.0 86.0 159.0 152.0 96.0 105.0 
174.0 157.0 82.0 111.0 171.0 137.0 85.0 116.0 
191.0 134.0 70.0 138.0 174.0 115.0 78.0 138.0 
193.0 107.0 74.0 161.0 167.0 87.0 83.0 159.0 
176.0 81.0 99.0 179.0 143.0 66.0 101.0 170.0 
153.0 74.0 121.0 181.0 117.0 62.0 125.0 166.0 
126.0 84.0 138.0 168.0 93.0 76.0 147.0 150.0 
141.0 118.0 139.0 184.0 155.0 133.0 187.0 159.0 
128.0 115.0 174.0 180.0 130.0 154.0 193.0 128.0 
120.0 138.0 193.0 155.0 115.0 174.0 177.0 106.0 
120.0 167.0 189.0 119.0 122.0 193.0 146.0 107.0 
124.0 179.0 166.0 94.0 141.0 198.0 120.0 121.0 
140.0 176.0 119.0 92.0 180.0 178.0 102.0 144.0 
143.0 156.0 90.0 119.0 195.0 146.0 104.0 161.0 
142.0 129.0 92.0 152.0 183.0 114.0 115.0 166.0 
144.0 138.0 143.0 146.0 138.0 145.0 144.0 142.0 
145.0 137.0 145.0 148.0 143.0 149.0 144.0 142.0 
144.0 138.0 145.0 147.0 145.0 149.0 141.0 143.0 
143.0 141.0 145.0 145.0 147.0 150.0 139.0 146.0 
141.0 145.0 147.0 144.0 148.0 150.0 142.0 150.0 
137.0 146.0 147.0 143.0 147.0 149.0 143.0 151.0 
129.0 141.0 146.0 143.0 145.0 145.0 144.0 151.0 
124.0 137.0 143.0 143.0 145.0 143.0 147.0 151.0 
152.0 155.0 151.0 146.0 144.0 137.0 137.0 140.0 
150.0 158.0 154.0 144.0 144.0 135.0 137.0 143.0 
149.0 162.0 152.0 143.0 143.0 133.0 141.0 148.0 
153.0 165.0 148.0 143.0 144.0 136.0 148.0 150.0 
159.0 164.0 147.0 149.0 149.0 144.0 155.0 149.0 
162.0 159.0 149.0 154.0 153.0 151.0 159.0 149.0 
161.0 155.0 155.0 156.0 152.0 155.0 160.0 151.0 
159.0 156.0 158.0 155.0 153.0 159.0 161.0 151.0 
153.0 166.0 152.0 122.0 179.0 167.0 104.0 166.0 
162.0 168.0 134.0 145.0 198.0 130.0 122.0 185.0 
173.0 159.0 128.0 175.0 186.0 105.0 152.0 186.0 
173.0 141.0 140.0 195.0 152.0 107.0 187.0 167.0 
164.0 130.0 161.0 195.0 120.0 133.0 204.0 138.0 
149.0 135.0 185.0 168.0 104.0 173.0 189.0 113.0 
145.0 153.0 189.0 137.0 114.0 197.0 158.0 112.0 
149.0 171.0 177.0 120.0 142.0 193.0 132.0 132.0 
128.0 145.0 148.0 148.0 163.0 170.0 178.0 174.0 
123.0 138.0 137.0 144.0 164.0 169.0 178.0 174.0 
121.0 131.0 134.0 142.0 163.0 169.0 177.0 176.0 
120.0 128.0 134.0 143.0 163.0 168.0 175.0 175.0 
116.0 129.0 135.0 144.0 164.0 164.0 171.0 174.0 
111.0 127.0 132.0 144.0 162.0 159.0 169.0 175.0 
105.0 122.0 130.0 141.0 160.0 160.0 170.0 177.0 
107.0 125.0 131.0 138.0 155.0 157.0 167.0 171.0 
153.0 157.0 154.0 157.0 163.0 161.0 160.0 157.0 
154.0 160.0 158.0 158.0 162.0 158.0 161.0 159.0 
157.0 160.0 158.0 158.0 159.0 159.0 164.0 162.0 
158.0 156.0 157.0 159.0 159.0 163.0 167.0 161.0 
157.0 155.0 158.0 160.0 161.0 165.0 165.0 158.0 
156.0 157.0 160.0 161.0 163.0 163.0 160.0 159.0 
159.0 160.0 158.0 160.0 162.0 159.0 160.0 162.0 
158.0 159.0 153.0 159.0 159.0 156.0 161.0 162.0 
184.0 184.0 181.0 170.0 164.0 154.0 143.0 132.0 
184.0 184.0 182.0 170.0 167.0 159.0 142.0 131.0 
181.0 181.0 182.0 171.0 170.0 160.0 139.0 132.0 
176.0 180.0 182.0 174.0 172.0 158.0 137.0 134.0 
173.0 181.0 184.0 175.0 171.0 154.0 138.0 138.0 
174.0 183.0 182.0 174.0 170.0 155.0 144.0 142.0 
179.0 182.0 179.0 173.0 173.0 157.0 149.0 144.0 
180.0 178.0 177.0 173.0 173.0 157.0 151.0 146.0 
169.0 165.0 178.0 186.0 172.0 155.0 170.0 179.0 
163.0 175.0 188.0 176.0 154.0 167.0 189.0 172.0 
164.0 185.0 179.0 154.0 159.0 190.0 184.0 155.0 
170.0 183.0 159.0 153.0 185.0 193.0 161.0 155.0 
178.0 168.0 148.0 172.0 196.0 169.0 149.0 173.0 
181.0 153.0 153.0 188.0 176.0 144.0 163.0 188.0 
174.0 143.0 165.0 177.0 145.0 143.0 186.0 179.0 
161.0 141.0 170.0 160.0 138.0 163.0 187.0 152.0 
176.0 174.0 171.0 168.0 171.0 177.0 175.0 169.0 
175.0 173.0 168.0 171.0 179.0 178.0 171.0 169.0 
173.0 171.0 170.0 178.0 179.0 171.0 170.0 173.0 
172.0 173.0 176.0 179.0 172.0 169.0 175.0 178.0 
172.0 174.0 177.0 173.0 169.0 175.0 179.0 175.0 
172.0 173.0 173.0 169.0 174.0 180.0 175.0 168.0 
172.0 173.0 170.0 172.0 178.0 177.0 167.0 167.0 
172.0 172.0 170.0 174.0 176.0 170.0 166.0 172.0 
183.0 186.0 187.0 187.0 188.0 188.0 186.0 182.0 
183.0 187.0 187.0 189.0 190.0 188.0 187.0 183.0 
185.0 188.0 189.0 191.0 191.0 190.0 187.0 183.0 
185.0 187.0 189.0 191.0 190.0 190.0 185.0 182.0 
185.0 186.0 189.0 191.0 189.0 189.0 185.0 184.0 
184.0 187.0 191.0 190.0 188.0 188.0 186.0 185.0 
184.0 188.0 190.0 189.0 188.0 186.0 185.0 184.0 
185.0 188.0 188.0 187.0 187.0 184.0 185.0 181.0 
